[[[ 0.13164768 -0.16593438 -0.11330061 ...  0.17365807  0.1161699
    0.2205527 ]]

 [[-0.15227088  0.35676277 -0.05490696 ...  0.2460388   0.01292659
    0.21735194]]

 [[ 0.114764    0.41496894 -0.3961993  ... -0.21304952 -0.20216501
   -0.01546432]]

 ...

 [[-0.2953632   0.03442128 -0.31560838 ... -0.23347917 -0.0874484
    0.25497898]]

 [[-0.14051476  0.02404333 -0.23627114 ... -0.05993595  0.28991097
    0.17957436]]

 [[-0.07868204 -0.12312451 -0.12086149 ... -0.09417384 -0.14227784
   -0.10692307]]]