[[[ 0.0924877   0.06620377  0.9361839  ...  0.59335953 -0.22703768
    0.637602  ]]

 [[ 0.5503972  -0.8165902   0.2894729  ...  0.7647777  -0.51371056
    0.6509822 ]]

 [[-0.9833271   0.95441806  0.96609235 ...  0.42627922  0.9305284
   -0.6116884 ]]

 ...

 [[ 0.5420891   0.37425557  0.7820579  ... -0.96949387  0.25438517
    0.2678354 ]]

 [[-0.01548361  0.96852815  0.37049422 ...  0.51391715  0.7456345
   -0.8935005 ]]

 [[ 0.7308273  -0.30020574  0.9526868  ... -0.47009835  0.9867754
   -0.8781936 ]]]