[[[-0.28612897 -0.00209315  0.4015413  ...  0.2733783  -0.5482886
    0.63618535]]

 [[-0.22907265  0.76371473  0.8833469  ...  0.9506878  -0.7334679
    0.98173463]]

 [[-0.8679298   0.2729335   0.9990614  ... -0.6135096   0.6848081
    0.90217334]]

 ...

 [[ 0.8134092  -0.69072324 -0.9916093  ... -0.13836476  0.7714819
    0.12829499]]

 [[-0.84797925 -0.1503806   0.62792295 ...  0.6342011  -0.6451552
   -0.46094677]]

 [[ 0.8944451  -0.89874715  0.08740614 ... -0.81327915 -0.8591983
   -0.24429385]]]