[[[-0.74659455  0.48142684  0.95558935 ... -0.6803532  -0.6175651
   -0.72418106]]

 [[-0.24637495  0.38459596  0.8429501  ... -0.9740655  -0.6238738
    0.8729877 ]]

 [[-0.0522569   0.92646     0.32126802 ... -0.8935163  -0.7629927
   -0.8882651 ]]

 ...

 [[-0.94114625 -0.01628153 -0.81961805 ...  0.82316685 -0.39723
    0.24173553]]

 [[-0.15916677 -0.98892087 -0.2851179  ... -0.9716106   0.67740774
    0.8435804 ]]

 [[-0.14860493  0.25827047 -0.07334054 ...  0.31597823  0.89254016
    0.94657785]]]