[[[-0.8557824  -0.18773492  0.8953073  ...  0.9631755  -0.95142627
    0.20141156]]

 [[-0.7969723  -0.868572   -0.97223264 ... -0.79859805 -0.9380391
   -0.00380199]]

 [[ 0.77815974  0.2432624  -0.92419535 ...  0.43600112  0.9320894
   -0.7133066 ]]

 ...

 [[ 0.3108327  -0.03448312  0.5841647  ... -0.44574884 -0.81241673
    0.2918493 ]]

 [[-0.31261432 -0.83178973  0.9372064  ...  0.6312417   0.5647004
   -0.8651913 ]]

 [[-0.8061162  -0.35701182 -0.97032917 ...  0.18059471  0.8611966
    0.6698699 ]]]