[[[ 0.37669912 -0.89422125  0.77126974 ...  0.07027785 -0.33472234
    0.9101923 ]]

 [[-0.3860165   0.99377215  0.25044724 ... -0.6694934  -0.167048
    0.05351888]]

 [[-0.51437587 -0.97842664  0.78691244 ... -0.23121437 -0.87126976
    0.53889966]]

 ...

 [[ 0.69142145 -0.52292335 -0.33743212 ... -0.899781   -0.69703794
    0.35983554]]

 [[-0.7134211  -0.2353427  -0.25888637 ... -0.10090184 -0.5105793
   -0.06824617]]

 [[-0.70819056 -0.97209287 -0.6450951  ... -0.9912432   0.5682003
   -0.8064114 ]]]