[[[ 0.8637871  -0.64625186 -0.5643337  ... -0.8589415  -0.7180916
    0.9717178 ]]

 [[-0.22020608 -0.99095994  0.6935745  ... -0.4397843  -0.9879295
    0.9571252 ]]

 [[-0.7392532   0.7826965   0.9976607  ...  0.82335603 -0.8064803
    0.85564953]]

 ...

 [[-0.69775665  0.5230716   0.47124657 ... -0.45405596 -0.17236932
    0.79708743]]

 [[ 0.8954615   0.9477501  -0.81959444 ...  0.03819272  0.69107735
    0.41575623]]

 [[-0.8309293   0.2747548   0.92776805 ... -0.0358586   0.50724435
   -0.33523166]]]