[[[-0.61448497  0.6726736   0.80880886 ...  0.9073159   0.9673193
   -0.27138433]]

 [[ 0.07700521 -0.21092571  0.03681694 ... -0.86297643 -0.9482544
   -0.9577385 ]]

 [[-0.53007495 -0.37845746 -0.16393085 ... -0.0726917   0.48339644
    0.04807827]]

 ...

 [[ 0.77261364 -0.4160079   0.8382049  ... -0.99542564  0.8404961
   -0.0539791 ]]

 [[ 0.87972707  0.5241284   0.57365596 ... -0.99410695 -0.8240361
    0.01545939]]

 [[ 0.25694516  0.8506978   0.88669163 ...  0.10477772 -0.16786057
   -0.23687805]]]