[[[ 0.16460282 -0.927454   -0.1801375  ... -0.28735584  0.8667714
    0.39951447]]

 [[ 0.9949466  -0.7362851   0.8537682  ...  0.8896295  -0.56059414
   -0.55240214]]

 [[-0.27792314 -0.783605    0.6073506  ... -0.8870681  -0.45637703
   -0.89422554]]

 ...

 [[ 0.89124364  0.24471483  0.9674497  ... -0.50022     0.971048
   -0.982222  ]]

 [[ 0.46905386 -0.7817457   0.1463566  ... -0.99092996  0.01198381
   -0.44959176]]

 [[-0.7115787  -0.979658   -0.99936163 ... -0.9258492  -0.9886335
   -0.8489663 ]]]