[[[ 0.97467655 -0.38094577  0.56189305 ...  0.504926   -0.6080017
   -0.12116118]]

 [[ 0.9338861  -0.80323005 -0.99724084 ... -0.36194903 -0.48542368
    0.68049836]]

 [[ 0.69814306  0.36189547 -0.81799805 ... -0.1415459   0.20519544
    0.25985712]]

 ...

 [[ 0.04161357  0.30661395 -0.793709   ...  0.8138705  -0.64152676
   -0.35132056]]

 [[-0.95312065 -0.9661312   0.9745672  ... -0.50804734 -0.95162624
    0.676885  ]]

 [[ 0.044809    0.9415414   0.9783496  ...  0.9288307   0.6136012
   -0.879374  ]]]