[[[ 0.6261953   0.8600002  -0.09887025 ...  0.7210576  -0.955291
    0.78466296]]

 [[ 0.7454741   0.2964685  -0.9754373  ...  0.68822056  0.13013957
    0.283915  ]]

 [[ 0.7909791   0.05419336 -0.9612447  ...  0.9921047  -0.64166737
    0.7320099 ]]

 ...

 [[-0.82731587 -0.99263996  0.10624278 ... -0.9438438  -0.9360911
    0.93115795]]

 [[-0.6779972   0.94686276  0.7851864  ...  0.919215   -0.13690417
   -0.93574584]]

 [[ 0.7046805  -0.60638356  0.2780184  ...  0.25212297  0.801853
   -0.95902944]]]