[[[ 0.98002315  0.7543095   0.49908856 ...  0.6650888   0.71221316
   -0.8887388 ]]

 [[-0.36085203  0.80834836 -0.49128592 ...  0.90971863  0.40265134
    0.7089961 ]]

 [[ 0.1938576  -0.15453745 -0.08455007 ... -0.96818894  0.6731684
    0.61255795]]

 ...

 [[ 0.63270164 -0.1710439  -0.29018706 ...  0.7480957  -0.9835513
    0.20294447]]

 [[ 0.8497873  -0.36352438  0.9578927  ... -0.9519883  -0.7900496
   -0.8928003 ]]

 [[-0.93606126 -0.35399652  0.4446572  ...  0.39747342 -0.36479753
    0.48117438]]]