[[[-0.5047022  -0.5343697  -0.9452425  ... -0.9828199  -0.1747626
    0.9988079 ]]

 [[ 0.8988454  -0.08934682  0.04210021 ...  0.96184415 -0.9505918
   -0.55471176]]

 [[-0.93948007  0.86563146  0.9228597  ... -0.7826895   0.97661555
   -0.2672843 ]]

 ...

 [[ 0.7637748  -0.8595403  -0.7142313  ...  0.59306085 -0.978816
    0.96247673]]

 [[ 0.50480795  0.25669655  0.11380032 ... -0.8840172   0.35391626
    0.7933383 ]]

 [[ 0.39410213 -0.09430752 -0.16988716 ...  0.929236    0.9974846
   -0.11892478]]]