[[[-0.44030663 -0.3773257  -0.88093203 ... -0.5846137   0.718521
   -0.9933167 ]]

 [[-0.9891665  -0.83127266  0.37255245 ...  0.04819555 -0.9753445
   -0.9396565 ]]

 [[ 0.7924025   0.49937803 -0.04885608 ...  0.9258731  -0.5942569
   -0.3616592 ]]

 ...

 [[-0.241678   -0.8685926   0.6216214  ...  0.19246918 -0.8897143
    0.9874022 ]]

 [[-0.9623367  -0.13672557  0.95367855 ... -0.99830765  0.44459888
    0.00236114]]

 [[ 0.14186208  0.74681264 -0.23167002 ...  0.98489565  0.7856056
   -0.13008389]]]