[[[ 0.897892    0.7992487  -0.6206352  ... -0.6987323  -0.9557647
    0.97844344]]

 [[-0.74324185  0.96850765 -0.974906   ...  0.6443268  -0.7852144
    0.9951314 ]]

 [[ 0.7191608   0.5647747  -0.98906684 ...  0.9537942   0.954114
    0.9283682 ]]

 ...

 [[ 0.34665224  0.6480493  -0.8924754  ...  0.907439   -0.8218397
    0.9406907 ]]

 [[-0.74067956  0.63825893 -0.99245125 ...  0.4881814   0.6262885
    0.32850158]]

 [[ 0.52556604 -0.4943611  -0.99895394 ...  0.9656423   0.98994684
    0.8885312 ]]]