[[[ 0.5613013  -0.62047446  0.94849974 ... -0.9652183  -0.95911306
    0.5757239 ]]

 [[ 0.92635375 -0.99970585 -0.99275273 ...  0.28831393 -0.8629685
   -0.7987272 ]]

 [[-0.12217123 -0.78773415  0.9289683  ...  0.02393504 -0.7275812
    0.9877278 ]]

 ...

 [[-0.99592865 -0.8345208  -0.776184   ... -0.978991    0.92725784
   -0.971584  ]]

 [[ 0.9347081   0.81089395 -0.44825855 ... -0.75298965  0.9899344
    0.28425345]]

 [[ 0.533166   -0.8335469  -0.68480545 ... -0.9216921   0.8979789
    0.9589402 ]]]