[[[-0.19006775  0.8392333   0.86493385 ...  0.05371162 -0.9865218
   -0.8956476 ]]

 [[ 0.9360694   0.9895599   0.756187   ...  0.17721106  0.9358383
    0.98865795]]

 [[-0.06326458  0.7750448   0.7412189  ... -0.96158546 -0.6468441
    0.927242  ]]

 ...

 [[-0.09885296  0.76858795  0.52093726 ...  0.9972208  -0.9976008
   -0.03149957]]

 [[-0.22074017 -0.607408    0.22530085 ... -0.6028683   0.95034766
    0.9857893 ]]

 [[-0.62152076  0.79248154  0.92691326 ... -0.8921038  -0.3774057
    0.64734226]]]