[[[ 0.09599838 -0.9798298   0.7263482  ... -0.6071053   0.9804145
    0.6993563 ]]

 [[ 0.38532934  0.7405849  -0.9671513  ...  0.2793125  -0.10237078
   -0.669222  ]]

 [[ 0.22379808 -0.03814286 -0.5551585  ...  0.9021121  -0.9717722
    0.8328483 ]]

 ...

 [[ 0.2377984  -0.47209403  0.75485164 ... -0.06612561 -0.0749096
    0.14261968]]

 [[ 0.877867    0.8134426   0.85494477 ...  0.14878672  0.57054263
    0.07745098]]

 [[ 0.9701969  -0.9395724  -0.74516964 ... -0.9362238   0.37469235
    0.7122691 ]]]