[[[ 0.83163434  0.97275555 -0.97360045 ...  0.89551467  0.9621664
    0.9643278 ]]

 [[-0.94745463 -0.17898464 -0.9670727  ...  0.9114373   0.20773341
   -0.65039706]]

 [[ 0.5580378  -0.25690955  0.90120244 ... -0.9282488   0.87718576
   -0.34657097]]

 ...

 [[ 0.8593137   0.05354766  0.93157285 ...  0.8950565   0.5732926
    0.98720163]]

 [[ 0.95997083 -0.35354903  0.48347577 ... -0.9746964   0.8772552
   -0.818978  ]]

 [[-0.71189374  0.97099674  0.76161224 ... -0.9697491  -0.65245444
    0.7767247 ]]]