[[[-0.9988801  -0.9056886   0.9983592  ... -0.942241    0.94537175
   -0.9685514 ]]

 [[-0.7766254   0.975982   -0.32755068 ... -0.7978543   0.6559935
    0.9543737 ]]

 [[-0.8128102  -0.8992245   0.8809549  ... -0.9251515  -0.98653114
   -0.66528153]]

 ...

 [[-0.9204863   0.13728675  0.71975917 ... -0.90277123 -0.07579277
    0.97330314]]

 [[-0.61397004 -0.5220518  -0.7730458  ... -0.44454736  0.28505075
    0.98994493]]

 [[ 0.08382793  0.79570967 -0.21175505 ... -0.9795775  -0.29464328
    0.71812975]]]