[[[ 0.8350922   0.65130883 -0.89410263 ...  0.53914     0.8539427
   -0.8477716 ]]

 [[ 0.57247627  0.51555586 -0.718046   ...  0.44770846 -0.20160136
    0.40713874]]

 [[ 0.6756423   0.30433956  0.8650203  ... -0.7066214  -0.618401
    0.97983444]]

 ...

 [[ 0.9343379  -0.43945235 -0.9952435  ...  0.3785884   0.65718156
    0.93527555]]

 [[ 0.21128039  0.9197302  -0.96480155 ...  0.7851611  -0.8504203
    0.72901297]]

 [[ 0.89511067  0.88460064  0.18811849 ...  0.7522603   0.7704652
    0.9750241 ]]]