[[[ 0.899719    0.97996753  0.7238617  ...  0.9089699  -0.89818484
   -0.7844015 ]]

 [[-0.91050106 -0.58675134 -0.6368224  ...  0.93812484 -0.90996116
    0.96864146]]

 [[-0.9897606  -0.45481774  0.932087   ...  0.34700155 -0.9609011
   -0.8876086 ]]

 ...

 [[-0.9861331  -0.8824612  -0.90834415 ...  0.9996568   0.841263
    0.8045874 ]]

 [[ 0.62320924  0.8881035   0.9611377  ... -0.95155096  0.5963335
    0.52171296]]

 [[ 0.45419592 -0.8086004   0.668539   ... -0.94396436  0.9475393
   -0.97012395]]]