[[[ 4.8438397e-01  3.7005875e-01 -9.5243680e-01 ...  6.4347941e-01
   -8.6675632e-01 -4.4564787e-01]]

 [[-7.4196547e-01  9.2768735e-01 -3.1979665e-01 ...  1.6452391e-01
    9.0463531e-01  9.1974103e-01]]

 [[ 1.6173974e-01 -3.8618586e-04 -7.0668423e-01 ...  7.8484803e-01
   -9.4623482e-01  5.6872655e-02]]

 ...

 [[-9.5582962e-01  2.8779387e-01  8.8631195e-01 ...  1.9843803e-01
    8.4618014e-01  1.7594308e-01]]

 [[-9.3451434e-01 -9.8037827e-01 -4.2696983e-02 ... -9.1051382e-01
    7.5015986e-01 -3.2172361e-01]]

 [[-5.9140372e-01  8.3321625e-01 -5.9027952e-01 ... -2.7527201e-01
   -7.1403807e-01 -4.1870615e-01]]]