[[[-0.773444   -0.03885096  0.7742771  ... -0.9924489  -0.90409565
    0.81358224]]

 [[ 0.8929601   0.71200174 -0.860803   ... -0.48617497 -0.18396398
    0.7417096 ]]

 [[-0.825251   -0.62292826 -0.64871615 ...  0.9577192   0.3906625
   -0.29398322]]

 ...

 [[-0.30428025 -0.8636936  -0.8334536  ...  0.5221392  -0.1674681
    0.6571809 ]]

 [[-0.92110896  0.99457043 -0.4991592  ... -0.99678576 -0.927953
    0.8424763 ]]

 [[-0.40159607  0.29020667  0.98461306 ...  0.46287552 -0.861196
    0.6429411 ]]]