[[[-0.7286489   0.595329    0.11177802 ...  0.57467145  0.04249394
    0.6028571 ]]

 [[ 0.8077422  -0.23006687 -0.7820616  ... -0.33166057  0.5256722
   -0.88431245]]

 [[ 0.7900679   0.61305887 -0.21705332 ...  0.5885308   0.2659493
    0.9262038 ]]

 ...

 [[-0.8864597  -0.99964195 -0.11383861 ... -0.97445893 -0.68237674
    0.9891417 ]]

 [[-0.9044264  -0.8358059   0.2348006  ...  0.46194437  0.38162884
   -0.24044251]]

 [[ 0.99811184 -0.5249671  -0.9845977  ...  0.13780941 -0.8457514
   -0.99427503]]]