[[[-0.54038703  0.7970951  -0.5971853  ...  0.42015144  0.9238893
    0.8483463 ]]

 [[ 0.97228396 -0.74233466  0.04698779 ... -0.9268137  -0.99946016
    0.6342485 ]]

 [[ 0.05535828 -0.84361446  0.9131803  ...  0.6688351   0.6019376
   -0.32110956]]

 ...

 [[-0.9867408   0.9244594   0.41308168 ... -0.49078265  0.9749559
   -0.39187607]]

 [[ 0.9578628   0.16186057 -0.25833106 ... -0.48098353 -0.47848484
    0.43121162]]

 [[ 0.50178665  0.86081815 -0.05717483 ... -0.22706231  0.91428924
    0.0835139 ]]]