[[[-0.8473328   0.80717903  0.731651   ...  0.2687788  -0.9752905
    0.9802187 ]]

 [[-0.7726082  -0.32016206 -0.3224153  ... -0.7852013   0.9059998
    0.9975599 ]]

 [[ 0.15817691 -0.61698014  0.9940792  ... -0.7633971   0.06517949
    0.12584728]]

 ...

 [[ 0.897518    0.93774253 -0.38597772 ... -0.8330368   0.23013188
   -0.95149076]]

 [[-0.82566214  0.7492891  -0.86703557 ... -0.4620931   0.27085888
   -0.50944054]]

 [[-0.89208204 -0.9985841  -0.97761905 ...  0.30847073 -0.99198025
    0.8434482 ]]]