[[[-0.49672297 -0.13674359  0.8340806  ...  0.83267075 -0.5826646
    0.9829957 ]]

 [[-0.98167074 -0.2455567   0.9646864  ...  0.8495865  -0.91133183
    0.868681  ]]

 [[ 0.22820583  0.35204968 -0.5514397  ...  0.88337785 -0.42365238
   -0.9034685 ]]

 ...

 [[ 0.93531585 -0.9377134  -0.8640963  ... -0.9607568   0.72345805
    0.3306817 ]]

 [[-0.6328868  -0.05005111 -0.8259217  ...  0.98665994  0.03374477
   -0.9966403 ]]

 [[ 0.4131516  -0.95681655 -0.8313556  ...  0.19747613 -0.3671202
    0.74833393]]]