[[[-0.97151685 -0.98887044 -0.78725994 ...  0.99513525  0.25744605
    0.96637756]]

 [[ 0.74693066  0.41259477 -0.9751501  ...  0.61917573 -0.63454026
    0.71330076]]

 [[ 0.9901594   0.9421789   0.33017817 ... -0.4248     -0.08709803
    0.77844834]]

 ...

 [[ 0.4988196   0.92407185  0.9984272  ... -0.80607307  0.99657965
    0.68979865]]

 [[-0.97527885 -0.9911947   0.99323344 ...  0.97156966 -0.94004154
    0.532378  ]]

 [[-0.31637186  0.5738085  -0.8067783  ...  0.25210306  0.06227919
    0.9302365 ]]]