[[[-0.99257094 -0.9851204  -0.63414973 ...  0.66923934  0.86251795
   -0.9391866 ]]

 [[-0.66549003 -0.87630117 -0.30957958 ...  0.37443757 -0.94997627
   -0.7978354 ]]

 [[-0.9630808  -0.7788073   0.9390709  ... -0.06249528  0.4287456
    0.62113816]]

 ...

 [[ 0.89678425 -0.37272578 -0.03057595 ... -0.9667047  -0.19626285
    0.03086928]]

 [[ 0.47925308 -0.22033231 -0.95184755 ...  0.71549743  0.71303093
   -0.04599868]]

 [[-0.4213471   0.6463045   0.76116663 ...  0.95947325 -0.05086296
    0.6866859 ]]]