[[[ 0.00793172  0.40956387  0.85615087 ... -0.86406547 -0.13341178
   -0.9388908 ]]

 [[-0.54956275  0.2494855   0.8509666  ... -0.80685335 -0.8685117
    0.9897721 ]]

 [[ 0.1727001  -0.984793    0.00131482 ... -0.5271699   0.32372037
   -0.9525496 ]]

 ...

 [[-0.5061853   0.2651832  -0.30360085 ... -0.17405711 -0.50885826
    0.994843  ]]

 [[ 0.9322673  -0.08084887 -0.99909216 ...  0.76484835 -0.98952013
   -0.9872588 ]]

 [[ 0.94468945  0.06046194  0.03865538 ... -0.5876758   0.28636146
    0.98023945]]]