[[[-0.04613097  0.88881296  0.30941758 ... -0.25398052  0.74991184
    0.76604086]]

 [[-0.9925394  -0.70663476 -0.05966986 ...  0.95769644  0.8485483
    0.8525658 ]]

 [[ 0.9773535   0.19117282 -0.67810583 ... -0.8108325  -0.9942406
   -0.9213428 ]]

 ...

 [[-0.26168737  0.5231224   0.6354277  ... -0.87550455  0.999267
    0.82376295]]

 [[-0.20224038 -0.2024158   0.81721765 ...  0.8907646   0.5064765
    0.6685846 ]]

 [[ 0.03970725  0.8944913  -0.929382   ...  0.37244776  0.3934124
   -0.06101241]]]