[[[-0.8670349   0.94873756  0.513334   ...  0.9907768  -0.7613117
    0.9962162 ]]

 [[ 0.9055794  -0.8734773  -0.8104717  ... -0.8177571   0.07696339
   -0.5886958 ]]

 [[-0.9846344   0.6390198  -0.33988765 ... -0.30240262 -0.16921131
    0.27641737]]

 ...

 [[ 0.8704613  -0.01282927  0.58878624 ... -0.9864243   0.19570588
   -0.9895838 ]]

 [[-0.74078727 -0.6325433  -0.7474655  ... -0.8064988  -0.8821464
   -0.6702393 ]]

 [[-0.9736763  -0.9578494  -0.7461395  ...  0.8800583  -0.7934384
    0.35524657]]]