[[[-0.43704128  0.92205137  0.9540203  ...  0.6422516   0.97821367
   -0.6528011 ]]

 [[ 0.8347904  -0.71379346 -0.94099206 ...  0.98853153 -0.3755618
   -0.5718794 ]]

 [[ 0.817154    0.43181428  0.37928942 ... -0.28070402 -0.11560395
    0.8525119 ]]

 ...

 [[-0.35042515 -0.9601427   0.5350524  ... -0.13214973  0.46807748
    0.9658613 ]]

 [[-0.5597368  -0.37846425  0.95868486 ... -0.33583865  0.63660324
    0.63501734]]

 [[ 0.09464077 -0.9028095   0.9917346  ... -0.9209529  -0.9046058
   -0.31018132]]]