[[[ 0.9535817   0.7841372   0.51665    ... -0.94497234  0.86078435
   -0.79943824]]

 [[-0.9378956  -0.99784213 -0.97283125 ... -0.61894405 -0.44391772
   -0.9850829 ]]

 [[ 0.72753745 -0.5797152  -0.4910335  ... -0.7737937  -0.6009537
   -0.9730193 ]]

 ...

 [[-0.98827547  0.9550064   0.950255   ...  0.89872026  0.78211504
   -0.9134706 ]]

 [[ 0.66846216 -0.8260844   0.7849515  ... -0.58519834  0.50390023
   -0.79720986]]

 [[ 0.47749987  0.5943584   0.60566896 ...  0.5059887  -0.9468877
   -0.6785683 ]]]