[[[ 0.92228836 -0.84807503  0.5690871  ... -0.91607124  0.3296415
   -0.40524027]]

 [[-0.9062031  -0.9451681  -0.9805255  ...  0.33962193 -0.7578794
   -0.86072326]]

 [[ 0.92608464 -0.46927366  0.6949458  ... -0.975666   -0.62901884
    0.95693564]]

 ...

 [[-0.7313524  -0.9920043  -0.91098034 ...  0.992448   -0.99656767
   -0.8661819 ]]

 [[ 0.30720484 -0.97556984  0.5765163  ... -0.75484675 -0.60179657
   -0.720208  ]]

 [[ 0.4405114   0.8515597  -0.79279345 ...  0.90169704 -0.9819662
   -0.24646899]]]