[[[ 0.87052524  0.67797977  0.07054142 ...  0.80744094  0.87434745
   -0.423449  ]]

 [[-0.47195065 -0.26893803  0.8836314  ...  0.96687436  0.7576265
   -0.821226  ]]

 [[ 0.7617994   0.5155362  -0.8383576  ...  0.8819079  -0.07667187
   -0.5619345 ]]

 ...

 [[-0.7947545   0.86262715  0.99348456 ...  0.30451342 -0.6123621
    0.77407086]]

 [[ 0.6665914  -0.9618668   0.9532208  ... -0.9801596   0.42003632
    0.9326816 ]]

 [[ 0.26686147  0.884808    0.65681756 ... -0.8208745   0.86483955
   -0.48538965]]]