[[[ 0.6524368   0.07297958 -0.50789374 ... -0.58269286 -0.738843
    0.9656686 ]]

 [[ 0.47100684 -0.97346735 -0.9106579  ... -0.6913313   0.31321007
   -0.9062232 ]]

 [[-0.7149503   0.84640574 -0.5115449  ...  0.6507527  -0.27324346
    0.6253112 ]]

 ...

 [[-0.34488088 -0.05450039 -0.8045747  ...  0.60100985 -0.58787304
   -0.97531885]]

 [[-0.80486804  0.9943806   0.5324253  ...  0.9988567   0.35925764
    0.9998255 ]]

 [[-0.9687345   0.07243247  0.83347064 ...  0.6657685   0.16062285
    0.99988204]]]