[[[-0.12717475 -0.914538   -0.25931743 ...  0.9260706  -0.93878084
   -0.48122773]]

 [[-0.76263803 -0.72801656 -0.9377417  ...  0.42856017 -0.96383905
   -0.99943584]]

 [[-0.33090624  0.8297237  -0.9952302  ...  0.9091622  -0.15636933
   -0.01443245]]

 ...

 [[-0.9823673  -0.04251665  0.5922275  ...  0.9796684  -0.8366275
   -0.6073376 ]]

 [[ 0.97516644  0.8588376  -0.96166945 ... -0.21545571 -0.945816
    0.535586  ]]

 [[ 0.99458706 -0.879544    0.29569736 ... -0.7589039  -0.35910136
   -0.7564539 ]]]