[[[ 0.25192046 -0.95893043 -0.61571413 ...  0.25193912 -0.80391353
   -0.5834746 ]]

 [[ 0.8487966   0.96912616  0.5123108  ... -0.9886981   0.53776604
    0.64292353]]

 [[-0.6417188  -0.763232   -0.75121045 ...  0.46986994  0.99626577
    0.02156416]]

 ...

 [[-0.9555784  -0.6880967  -0.9981789  ...  0.99967855  0.60858285
    0.5924042 ]]

 [[-0.8447103  -0.9380899   0.9242218  ... -0.91913056  0.42253074
   -0.22913437]]

 [[-0.92247945  0.8403053   0.389248   ...  0.7660166  -0.208046
    0.9605907 ]]]