[[[-0.70450765  0.59080446 -0.5163148  ...  0.9904556   0.79386294
    0.2016166 ]]

 [[-0.86511433 -0.42113066 -0.1115068  ...  0.8947034  -0.6594834
   -0.9816815 ]]

 [[ 0.61816496  0.19997393  0.28664237 ... -0.82564133  0.75114375
    0.05891597]]

 ...

 [[-0.25610825 -0.81993407  0.31195572 ... -0.97206116 -0.83741504
    0.95438397]]

 [[ 0.33558223  0.8929424   0.29721636 ... -0.9023489   0.94502777
    0.99753666]]

 [[-0.9835236  -0.9749642   0.5139842  ... -0.94309527 -0.48217615
    0.7469264 ]]]