[[[ 0.22949122  0.80032927  0.9489221  ... -0.9480267   0.9602517
    0.5328972 ]]

 [[ 0.30696464  0.06744723 -0.5013002  ... -0.95200276 -0.47751498
   -0.3046701 ]]

 [[ 0.78367305  0.93246585 -0.4703545  ...  0.21798635  0.895528
   -0.98767847]]

 ...

 [[ 0.5588083   0.17705607  0.9201635  ...  0.38067162  0.18925622
   -0.9171342 ]]

 [[-0.9390292  -0.62321895 -0.9809605  ... -0.8656405   0.33150285
   -0.85796535]]

 [[ 0.6424699   0.9857044   0.22604555 ... -0.46438226  0.4353415
    0.5956422 ]]]