[[[ 0.69849443 -0.32050046  0.4328218  ... -0.73152894 -0.27869198
    0.44919276]]

 [[-0.16105662 -0.9892403  -0.21099651 ...  0.4800697  -0.97326875
   -0.16411814]]

 [[ 0.36435586  0.9861694  -0.75532275 ...  0.60996664 -0.47566277
    0.36325216]]

 ...

 [[ 0.6459482   0.30955878 -0.38613823 ...  0.97256976  0.69560325
   -0.8397335 ]]

 [[-0.48159572 -0.30550507  0.9923581  ... -0.04629524  0.96740925
    0.9903501 ]]

 [[-0.01679436  0.8344343   0.9714491  ...  0.92323023  0.9394394
   -0.9148694 ]]]