[[[-0.9166188   0.15173349  0.9373398  ... -0.8775015   0.7447861
    0.7674253 ]]

 [[-0.9808689  -0.63922036 -0.9968943  ...  0.3597443  -0.47089028
   -0.9482039 ]]

 [[ 0.9058402   0.99772507 -0.9044324  ...  0.01500829  0.79765654
    0.90378326]]

 ...

 [[-0.8242901   0.86196667 -0.2830087  ...  0.88624394  0.99262184
    0.04452874]]

 [[ 0.75916606  0.423448    0.9218324  ... -0.9050095  -0.02799617
   -0.9559895 ]]

 [[ 0.3872504  -0.46456018 -0.9577752  ...  0.63895214 -0.658725
    0.9260452 ]]]