[[[-0.62774634  0.17888503 -0.9004201  ... -0.5795847   0.8915857
   -0.994774  ]]

 [[ 0.70020753 -0.8135425  -0.4799762  ... -0.39415866 -0.9867386
   -0.9140888 ]]

 [[ 0.65578735 -0.6118955  -0.01222143 ...  0.27580452  0.96475095
   -0.574723  ]]

 ...

 [[-0.46393222 -0.94218284 -0.9342793  ... -0.7095346  -0.977899
    0.995457  ]]

 [[-0.91294247  0.38392055 -0.3730745  ... -0.1717694  -0.9879486
   -0.20584378]]

 [[-0.7725064  -0.82424384 -0.93962765 ...  0.23272331 -0.9284356
    0.9385953 ]]]