[[[-0.04145392  0.24514747  0.14870112 ...  0.0237737  -0.6371957
   -0.88515204]]

 [[-0.4323072   0.2533579  -0.69866174 ... -0.57718056 -0.03211705
    0.7248679 ]]

 [[ 0.8475019  -0.41241857 -0.98912066 ...  0.6283781  -0.4777535
    0.68776315]]

 ...

 [[ 0.4368939   0.45739406 -0.27485624 ...  0.1477008   0.7321794
    0.82795507]]

 [[-0.44950408  0.42835563  0.5129713  ... -0.68971    -0.3000887
   -0.47772712]]

 [[ 0.15001392 -0.7044516  -0.77631056 ... -0.94466287 -0.14225473
   -0.9558196 ]]]