[[[ 0.90311706  0.964659    0.15895982 ...  0.83353513 -0.911295
   -0.05745789]]

 [[-0.62582225 -0.11012042  0.86400187 ...  0.23056914 -0.33457324
    0.94452924]]

 [[ 0.70921355 -0.3899607   0.29237282 ... -0.1607429   0.8986583
   -0.5604598 ]]

 ...

 [[ 0.7108121  -0.8338591   0.18762954 ... -0.5311719   0.93707126
   -0.99830717]]

 [[-0.16841649  0.38185444 -0.4216864  ... -0.5769673   0.9973876
   -0.2867069 ]]

 [[-0.6791337   0.96282625  0.6904469  ... -0.99393207  0.4474132
   -0.5428825 ]]]