[[[ 0.52430713 -0.11911176 -0.06756559 ...  0.8986021  -0.19091706
    0.97483575]]

 [[ 0.2689843  -0.6592269   0.7175775  ... -0.9794111   0.7417927
    0.9812071 ]]

 [[ 0.93206817  0.8216588  -0.8620156  ...  0.83957535  0.5127512
   -0.63373625]]

 ...

 [[-0.41062918 -0.336707    0.94879365 ... -0.344582   -0.38794264
    0.2781027 ]]

 [[-0.01227426  0.7704349   0.7519491  ...  0.65026504 -0.23568904
   -0.99781954]]

 [[ 0.70146114 -0.8358372   0.76621485 ...  0.72539335  0.9030559
   -0.99978834]]]