[[[-0.42667633 -0.25434747 -0.9933231  ...  0.6083641  -0.33395106
    0.9886673 ]]

 [[-0.8737632  -0.49868387  0.4069784  ...  0.6727229  -0.05216898
    0.91438586]]

 [[-0.7665467   0.7004201   0.8613228  ... -0.04449105  0.71540797
    0.18333466]]

 ...

 [[ 0.5341674  -0.42030695  0.8080859  ... -0.91906863  0.424263
   -0.38393468]]

 [[ 0.26875812 -0.95036906  0.6349924  ... -0.726653    0.99941903
   -0.7607942 ]]

 [[-0.6330137   0.0057771   0.7935283  ... -0.8833383   0.9194674
   -0.9972172 ]]]