[[[-0.78237844 -0.7365645  -0.98762274 ...  0.72517276 -0.5864153
    0.57661486]]

 [[ 0.11217675  0.3418604   0.85197973 ... -0.36826554 -0.5891736
   -0.900714  ]]

 [[-0.20613794  0.8938799  -0.4403044  ... -0.01207228  0.7315952
   -0.87407994]]

 ...

 [[-0.822023    0.12697257  0.6878289  ... -0.22261524 -0.8188073
    0.9994062 ]]

 [[-0.6113935   0.9589297   0.618379   ...  0.04637999  0.9970055
    0.93135804]]

 [[ 0.9886795   0.14301905  0.8454039  ...  0.9820233   0.87707895
   -0.54436666]]]