[[[-0.95112973  0.24224313  0.96577203 ... -0.56838804  0.43004236
    0.32752463]]

 [[-0.9094001   0.2858975   0.89199996 ... -0.59760046  0.786754
    0.9293487 ]]

 [[-0.13132925 -0.21053867 -0.6306759  ...  0.9345155  -0.98324376
    0.44220424]]

 ...

 [[-0.9107098  -0.7943702   0.05569711 ... -0.14572312  0.68308395
   -0.57432747]]

 [[ 0.36393338 -0.71240574 -0.99637187 ...  0.06794631 -0.38950053
    0.50991184]]

 [[-0.15830845  0.42841375 -0.8100155  ...  0.98660547 -0.371171
   -0.29256213]]]