[[[ 0.5647375   0.35896423  0.40859082 ...  0.8166152  -0.963463
    0.59365314]]

 [[ 0.44845423  0.0023833   0.88090175 ... -0.33513954 -0.9603923
    0.90344447]]

 [[-0.98373467 -0.26074255  0.15175624 ... -0.39038265  0.31507567
    0.94609475]]

 ...

 [[-0.934755    0.0128945   0.9285832  ...  0.82623726 -0.9776319
   -0.7635825 ]]

 [[-0.67842627  0.06005917  0.9232312  ... -0.9935338   0.8406309
   -0.43670806]]

 [[-0.91397357  0.48895356 -0.9192491  ... -0.9425488  -0.9647577
    0.01045271]]]