[[[-0.7925777   0.9328389  -0.9562979  ...  0.9910756   0.70052534
    0.4943634 ]]

 [[-0.89613247  0.81311345 -0.158079   ... -0.3058883  -0.7656676
    0.83890146]]

 [[-0.79757535 -0.98732364 -0.7691902  ...  0.5109066   0.8214097
    0.988606  ]]

 ...

 [[-0.852164    0.6393506  -0.37864116 ...  0.43132323  0.9506378
   -0.880258  ]]

 [[-0.57229024  0.3857534  -0.4274287  ...  0.90707546  0.13971081
   -0.14452763]]

 [[ 0.11870486 -0.5646455  -0.9269622  ...  0.99162084 -0.6344659
   -0.75304407]]]