[[[ 0.583713   -0.40196905  0.12663844 ... -0.9507554  -0.98823905
   -0.9642314 ]]

 [[ 0.51278317  0.02395376  0.9914022  ... -0.9183842   0.8977186
   -0.9996057 ]]

 [[ 0.95175     0.771794    0.61884767 ...  0.01736086  0.49833474
   -0.14746335]]

 ...

 [[ 0.38724533 -0.59487104  0.78864986 ...  0.31173623  0.98851675
   -0.6586698 ]]

 [[ 0.9307891  -0.03262121  0.58097124 ...  0.8586306  -0.97433054
    0.7901202 ]]

 [[ 0.41935673  0.6872843  -0.9857815  ... -0.15274619 -0.6158382
   -0.07921521]]]