[[[ 0.38120753  0.943998    0.8668034  ...  0.84623164  0.10083949
   -0.58887917]]

 [[-0.34740025 -0.6255056  -0.91919255 ... -0.2892528  -0.3459628
   -0.49938875]]

 [[-0.83869785 -0.6097195   0.4114431  ...  0.6851071   0.9222997
    0.74115294]]

 ...

 [[-0.8615229   0.6685349   0.5542234  ...  0.8138503  -0.24176499
    0.9970463 ]]

 [[ 0.85470563 -0.70510346  0.3764948  ... -0.52959263 -0.67823833
   -0.6831333 ]]

 [[ 0.87626755  0.7850841  -0.09718034 ... -0.35422042 -0.97219586
    0.97579926]]]