[[[ 0.18147242  0.9857613  -0.30165458 ... -0.75338733  0.97963184
    0.13813561]]

 [[-0.21433522 -0.69786745 -0.9753479  ...  0.9901388   0.8716987
    0.99215776]]

 [[-0.54371417 -0.45207113  0.8251523  ... -0.42510483  0.9797212
   -0.11616486]]

 ...

 [[ 0.16191746  0.9473297   0.79168254 ... -0.4847625   0.83125114
    0.7738886 ]]

 [[-0.50953376 -0.86118597  0.41622916 ... -0.92283523 -0.46737215
    0.32590312]]

 [[ 0.8096104  -0.18425183 -0.0539071  ... -0.53438133 -0.8713907
    0.09297138]]]