[[[-0.6239605  -0.05150855  0.6014163  ...  0.8325872   0.9511066
    0.9295948 ]]

 [[-0.2823448   0.27748385  0.5746129  ... -0.34955934  0.9686392
    0.07641488]]

 [[ 0.47520956  0.5849844  -0.8384631  ...  0.055493    0.80212665
   -0.14124586]]

 ...

 [[ 0.5613527   0.48270473 -0.30999944 ... -0.8048478   0.91181403
   -0.3798808 ]]

 [[-0.4971538   0.9576207  -0.6323668  ...  0.9076057   0.44122657
    0.7620068 ]]

 [[-0.606579   -0.85276514 -0.9924506  ... -0.70311534  0.54270935
   -0.34069937]]]