[[[ 0.59359616  0.15377352  0.48918402 ...  0.6206343   0.77040064
    0.17038798]]

 [[ 0.7723416   0.24296594  0.9668817  ... -0.9171732   0.08539747
    0.44319403]]

 [[-0.19653288 -0.5681919   0.60293645 ... -0.7727787  -0.481168
   -0.40128255]]

 ...

 [[-0.97110087  0.9672345  -0.62705386 ... -0.6992439   0.99780375
   -0.7814736 ]]

 [[ 0.882046    0.77243924 -0.71379787 ...  0.98013616 -0.21168035
   -0.8357137 ]]

 [[ 0.8213346   0.9412486  -0.8313554  ... -0.531494    0.8780802
   -0.82362914]]]