[[[-0.7877306  -0.7766174  -0.9490215  ...  0.72631633 -0.8457516
   -0.8385421 ]]

 [[ 0.83594024  0.44640604  0.048099   ...  0.10504341  0.9646525
    0.2779474 ]]

 [[ 0.72613627 -0.48292992 -0.31921378 ... -0.83206123  0.9780388
   -0.97986376]]

 ...

 [[-0.51532745  0.82617325 -0.6971487  ...  0.84557474 -0.09936289
    0.16864084]]

 [[-0.15696673 -0.8202057  -0.42421895 ...  0.9548293   0.38508496
    0.3424415 ]]

 [[ 0.35675272  0.7502233   0.9435944  ...  0.9849602   0.34535754
   -0.2583549 ]]]