[[[-0.9035475   0.6457872   0.7382697  ...  0.21396402 -0.5175685
   -0.3253614 ]]

 [[-0.14141165  0.09220149 -0.97402966 ...  0.11220898  0.6788446
    0.8276294 ]]

 [[-0.17509963  0.9623629   0.1500814  ... -0.36194304  0.9232006
    0.69939226]]

 ...

 [[ 0.776013   -0.2198548   0.9827872  ... -0.8876206  -0.44607773
   -0.35300508]]

 [[-0.99848354  0.9933433   0.9847408  ... -0.1940913   0.38911107
    0.9621001 ]]

 [[ 0.4225953   0.972522    0.89650035 ... -0.8455471   0.985372
    0.18823327]]]