[[[ 0.31843925  0.48670384 -0.34840316 ...  0.8681826   0.9873442
    0.9296628 ]]

 [[-0.3233045  -0.48636216  0.44838673 ...  0.2680429  -0.8932465
   -0.8648865 ]]

 [[-0.3615949   0.8605773   0.957301   ... -0.45879862 -0.59748447
   -0.07710615]]

 ...

 [[-0.66537535  0.7968738   0.4635639  ...  0.9165638   0.5020438
    0.91679245]]

 [[-0.9746597   0.73454446 -0.84305924 ...  0.6114956  -0.8689787
    0.45116124]]

 [[-0.7016771   0.6368188  -0.9487861  ...  0.93016034 -0.973614
    0.5935667 ]]]