[[[ 0.14582597 -0.5956031  -0.08778031 ...  0.5422297   0.08951065
    0.8149452 ]]

 [[-0.7330555  -0.952101    0.35260993 ... -0.9604177   0.7762391
    0.46741605]]

 [[-0.06010718  0.51894385 -0.9925938  ...  0.89410865 -0.07316012
    0.42821538]]

 ...

 [[-0.25085706  0.8229302   0.27068874 ...  0.24381147  0.40107623
    0.8805757 ]]

 [[ 0.23982479  0.9159228  -0.9820384  ...  0.9949151  -0.9138894
    0.82270974]]

 [[-0.79173535  0.9110596  -0.23252738 ...  0.7000808  -0.6203156
    0.8758769 ]]]