[[[-0.50776654  0.7430416  -0.11217736 ...  0.85191727 -0.9030413
   -0.99605775]]

 [[ 0.7844125  -0.4152321  -0.6895433  ...  0.8839903  -0.8367708
   -0.8248714 ]]

 [[-0.6880245   0.8127093   0.5084834  ...  0.9747076   0.9995098
   -0.6928639 ]]

 ...

 [[ 0.91210854 -0.6422734   0.0824378  ...  0.23474148  0.65257436
   -0.8017346 ]]

 [[ 0.6664478  -0.45057127  0.8731508  ...  0.8703409   0.54135066
    0.356564  ]]

 [[-0.9963223   0.9974294  -0.780211   ...  0.90109646  0.52577883
    0.3667045 ]]]