[[[ 0.96894026  0.08183642 -0.3559173  ... -0.943595   -0.6557343
    0.98171705]]

 [[ 0.37618312 -0.5978259  -0.42919952 ... -0.01459863  0.8545554
   -0.9771371 ]]

 [[-0.75217533  0.9053376   0.62136996 ...  0.8858194   0.292955
   -0.40310773]]

 ...

 [[ 0.99689484 -0.5831342  -0.99829805 ... -0.99622434 -0.8615576
    0.8980952 ]]

 [[ 0.22837023  0.989072    0.96376044 ...  0.8729567   0.99282867
   -0.80174696]]

 [[ 0.51386946 -0.03557298 -0.42166606 ...  0.9190949  -0.57909346
    0.01051129]]]