[[[-0.81274945 -0.2350568   0.978947   ...  0.44177195  0.6536562
    0.54839414]]

 [[-0.12985218 -0.31026796 -0.78475964 ...  0.96697235  0.96722233
    0.6821907 ]]

 [[ 0.58978975 -0.9780158   0.81277335 ...  0.16389512  0.9951792
    0.34348089]]

 ...

 [[ 0.08252888  0.23836657  0.7621319  ... -0.9632969  -0.95437384
    0.88186115]]

 [[-0.94087875  0.23292157  0.2935157  ...  0.45568594  0.8910915
   -0.7592354 ]]

 [[ 0.746915    0.05645686 -0.40703914 ... -0.2067896   0.95135397
   -0.8264225 ]]]