[[[-0.91166735 -0.7398262   0.03677971 ...  0.29958814  0.5842472
   -0.80508494]]

 [[-0.41644117  0.7866215   0.14458157 ... -0.06490649  0.659292
    0.25132954]]

 [[-0.9806237  -0.40181744  0.9619424  ... -0.8963603  -0.6723341
    0.47365135]]

 ...

 [[ 0.815546    0.9812427  -0.68962055 ... -0.03050476 -0.8185529
    0.24759075]]

 [[ 0.9284514  -0.9739305  -0.68710333 ... -0.9162402  -0.9343388
    0.27512124]]

 [[ 0.4079538   0.43593058 -0.28359082 ...  0.81551194 -0.19667724
    0.98252016]]]