[[[ 0.769451    0.64358556 -0.77907866 ... -0.9843499  -0.5653636
    0.47201186]]

 [[-0.60305196 -0.8632101  -0.8699892  ... -0.42091691  0.7660336
   -0.95253664]]

 [[ 0.01300836  0.33267066  0.98754126 ...  0.25215015  0.6660366
    0.51725996]]

 ...

 [[-0.8019618  -0.87667406 -0.7698683  ... -0.7181388   0.5852232
    0.9296156 ]]

 [[-0.10488746  0.9262753   0.6604627  ...  0.6785226   0.7958807
    0.97349685]]

 [[-0.9118229   0.31790432  0.7521889  ... -0.7998071  -0.5156608
    0.00649086]]]