[[[ 0.45079666  0.36508545  0.28502917 ...  0.33574748  0.87541854
    0.7257884 ]]

 [[ 0.7275113  -0.7439401  -0.49843535 ...  0.6384911  -0.64026487
   -0.6021556 ]]

 [[-0.1482238   0.3521544  -0.83725107 ...  0.71629816 -0.34656018
   -0.9336994 ]]

 ...

 [[-0.7952132  -0.72655815  0.37023678 ...  0.71531135 -0.6467369
    0.45460644]]

 [[-0.98358     0.13587682  0.574566   ...  0.5804297  -0.4079721
   -0.9828594 ]]

 [[-0.9975738  -0.40875834  0.9890816  ...  0.8967014  -0.59070855
   -0.93213946]]]