[[[ 0.97296214  0.74732774 -0.6991255  ... -0.5065515  -0.9879473
    0.3712053 ]]

 [[-0.70640665  0.4005491   0.8512304  ... -0.9349173   0.683976
   -0.8740227 ]]

 [[-0.26060873 -0.9965497  -0.38093612 ... -0.4373952   0.5810099
   -0.9960332 ]]

 ...

 [[ 0.4664343   0.73570806  0.7420186  ... -0.99923885  0.9801526
   -0.11154734]]

 [[-0.8036804  -0.92667633  0.992241   ...  0.24158944  0.53903615
    0.8050829 ]]

 [[ 0.9625666  -0.7247705   0.06784234 ... -0.94020134  0.9730775
   -0.9975889 ]]]