[[[-0.5964084  -0.9423034  -0.59010094 ...  0.9939184  -0.2777661
   -0.00982757]]

 [[ 0.67982364 -0.33968726 -0.93968105 ...  0.5737344   0.65283984
    0.994668  ]]

 [[ 0.63878703 -0.03762243  0.87684476 ... -0.99625415  0.98795563
    0.7537141 ]]

 ...

 [[-0.9465514  -0.9543708  -0.94977206 ... -0.73163     0.83187014
    0.89534837]]

 [[ 0.39505303 -0.494951   -0.84959567 ...  0.23223825  0.9442369
    0.9113584 ]]

 [[-0.990336    0.15853667 -0.54616475 ...  0.84784806 -0.2572518
    0.9722782 ]]]