[[[-0.21344168 -0.504914    0.70203507 ...  0.11687458  0.17527507
    0.06562728]]

 [[ 0.0245315  -0.50372255  0.17435998 ...  0.55601954  0.22931716
    0.06466985]]

 [[-0.5527267   0.69499975 -0.04660186 ...  0.5626333   0.66377324
    0.30933222]]

 ...

 [[-0.18440767 -0.05814755  0.15049367 ...  0.35137376  0.30940747
   -0.05563408]]

 [[-0.15689369 -0.505812   -0.32010403 ...  0.42194325  0.5831251
    0.38568777]]

 [[-0.63787305  0.6804281   0.04625846 ...  0.3051834   0.03406856
   -0.03429309]]]