[[[ 4.77599502e-01 -5.06140590e-01  2.01493025e-01 ...  9.49612021e-01
    5.98549806e-02  9.32355881e-01]]

 [[-7.03525126e-01  3.20848495e-01  9.96449947e-01 ...  5.92558384e-02
   -3.29721808e-01  8.59147608e-01]]

 [[ 7.61544034e-02  1.59463480e-01  7.55468905e-01 ...  3.63700470e-04
    5.49082339e-01  9.94007736e-02]]

 ...

 [[ 7.84269869e-01  7.98924625e-01 -4.40007925e-01 ...  9.84649777e-01
    5.76766849e-01  5.03017426e-01]]

 [[ 7.96130598e-01  9.43267703e-01  1.25942931e-01 ... -8.84069264e-01
   -7.12821543e-01 -8.63485504e-03]]

 [[ 7.17802998e-03 -1.08910695e-01  3.44723493e-01 ...  2.57301569e-01
   -3.43633682e-01 -9.96131837e-01]]]