[[[-0.9981067  -0.7965831  -0.97730625 ...  0.96124226  0.8780015
    0.999514  ]]

 [[ 0.20449995  0.771681    0.32951102 ...  0.9913488  -0.01958589
   -0.35139057]]

 [[-0.95806485 -0.99097955  0.84766823 ...  0.8202486   0.6899166
   -0.6500513 ]]

 ...

 [[-0.31097645  0.93568635 -0.9603707  ...  0.9684258   0.9384089
    0.66792935]]

 [[ 0.15490282  0.9936586   0.5875681  ... -0.95479995 -0.07983831
   -0.44985843]]

 [[-0.47309467  0.6948798   0.17125733 ...  0.9559347  -0.83294636
    0.12063362]]]