[[[ 6.9014102e-01 -1.5232356e-01  6.3751483e-01 ...  1.4485528e-01
   -7.7602702e-01  6.6954002e-02]]

 [[ 9.8301899e-01  5.8178979e-01  9.1442537e-01 ...  1.8618554e-01
   -7.6491928e-01 -9.4452757e-01]]

 [[ 7.2321993e-01  9.2651755e-01  6.0745406e-01 ... -8.7531692e-01
   -8.3996344e-01  9.6655023e-01]]

 ...

 [[ 4.6668953e-01  1.1772813e-02 -8.2785791e-01 ...  9.9986517e-01
    7.0796517e-04 -6.3631231e-01]]

 [[ 9.7520947e-01  7.6692951e-01  8.2275999e-01 ...  8.4276515e-01
   -7.3735856e-02  1.2369058e-01]]

 [[-9.4394308e-01  7.1453857e-01  6.5550625e-01 ...  7.6594383e-01
   -6.0234880e-01  5.5393767e-01]]]