[[[ 0.03994071  0.81088215  0.84369856 ... -0.8192044  -0.6189538
   -0.9098677 ]]

 [[-0.9746108  -0.9969085   0.64990664 ... -0.96256274 -0.9383505
   -0.8530055 ]]

 [[-0.6343858   0.33192745 -0.97005606 ...  0.22416922  0.03143976
   -0.91624516]]

 ...

 [[ 0.8430268  -0.88778216 -0.98736864 ...  0.943757   -0.23233393
   -0.70393133]]

 [[ 0.5449261   0.4382042   0.98200667 ...  0.746148    0.9898864
   -0.78407955]]

 [[ 0.55604506 -0.8437156  -0.95058846 ... -0.740049   -0.8289911
   -0.52465343]]]