[[[-0.9467782  -0.8901585   0.9073902  ... -0.96096957 -0.9603968
    0.83415574]]

 [[ 0.79974794  0.4112357   0.48368242 ...  0.96481335 -0.8872754
   -0.5711682 ]]

 [[-0.9029396  -0.8437308  -0.8167754  ...  0.19805883 -0.5505447
   -0.31847596]]

 ...

 [[-0.8206764   0.8616703  -0.02296747 ... -0.6718925   0.68024576
    0.9661965 ]]

 [[ 0.7323254  -0.9199004  -0.11659725 ...  0.89871234  0.46299654
   -0.38294822]]

 [[-0.38435197 -0.64071697 -0.9983525  ...  0.99915123  0.9501927
   -0.3711599 ]]]