[[[ 0.9644661  -0.542299   -0.80671436 ...  0.58338463 -0.972066
   -0.9980794 ]]

 [[ 0.95930475 -0.11156834 -0.9966455  ...  0.8162836   0.38025412
   -0.63738286]]

 [[-0.34767598 -0.08045082  0.8425291  ...  0.11667713 -0.91977906
    0.716885  ]]

 ...

 [[-0.99305564 -0.56306726 -0.5840253  ...  0.99620926  0.27944744
   -0.13606031]]

 [[-0.79955095 -0.25453734  0.5594804  ...  0.3381084   0.98664576
    0.84101874]]

 [[-0.73898345  0.79301286  0.8386313  ...  0.91632587  0.7052103
    0.7146389 ]]]