[[[-0.78408855 -0.02394237  0.23751475 ...  0.3172959   0.5928458
    0.9844885 ]]

 [[ 0.96116805 -0.94123167 -0.8971598  ...  0.36254293 -0.5441786
    0.67335534]]

 [[ 0.08503792 -0.9422699   0.92205846 ... -0.53578377 -0.9912309
   -0.52655303]]

 ...

 [[ 0.9365881  -0.92743754  0.13237335 ...  0.97925043  0.9882153
   -0.91395724]]

 [[ 0.21522027 -0.7720138  -0.9133858  ...  0.14295375  0.72474027
   -0.8741218 ]]

 [[ 0.43554842  0.68014973  0.6442907  ... -0.9927162   0.8489924
    0.7242724 ]]]