[[[-0.22608729 -0.91868633  0.48070332 ...  0.92192495  0.66457677
    0.0440463 ]]

 [[ 0.06281016 -0.03479816  0.8990413  ...  0.5444729   0.5636879
    0.48983446]]

 [[-0.9606538   0.8840657   0.9646246  ...  0.7017278   0.96405566
   -0.80863297]]

 ...

 [[-0.6129212   0.77991796 -0.5695072  ...  0.97376525  0.9179682
    0.5177629 ]]

 [[ 0.96399164  0.85675234 -0.8071097  ... -0.86815184 -0.08939071
   -0.85346884]]

 [[ 0.6842401  -0.5870947  -0.89470243 ... -0.8744032  -0.998319
    0.6542616 ]]]