[[[-0.6952381  -0.3376972   0.11192007 ...  0.9574922  -0.07349151
   -0.67931336]]

 [[-0.8284788   0.05224205  0.4148098  ...  0.7094487   0.12846625
    0.18572855]]

 [[ 0.7256103   0.79435784 -0.8594563  ...  0.98971623 -0.90605044
   -0.72832686]]

 ...

 [[-0.15587442  0.6994217   0.8060003  ... -0.9284548   0.94251394
   -0.92332745]]

 [[ 0.8015546  -0.53349036 -0.32299337 ...  0.8640757  -0.25163642
    0.46555424]]

 [[ 0.85993284  0.7959709   0.8409847  ... -0.99158806 -0.8640651
   -0.85388803]]]