[[[ 0.87151647  0.9601872   0.57555336 ...  0.5859898  -0.36725914
    0.0447969 ]]

 [[-0.9944033   0.7067117  -0.57175416 ...  0.62037855  0.0916313
   -0.16396879]]

 [[-0.96701336  0.6489749   0.65536726 ... -0.393283    0.9664965
   -0.16503096]]

 ...

 [[-0.92369294  0.69713485  0.49026808 ...  0.92480004 -0.71415424
    0.80949104]]

 [[-0.7509155  -0.17422138  0.7292464  ...  0.9513535   0.9840787
   -0.48938945]]

 [[ 0.42042798  0.8987205   0.95292014 ...  0.33452317  0.5881804
   -0.11822766]]]