[[[-0.36316094  0.8399472  -0.11679569 ...  0.8914687   0.12850803
   -0.43473217]]

 [[ 0.34661707  0.8393381   0.99891293 ... -0.99229133  0.8976435
   -0.20858845]]

 [[-0.7203411  -0.26190934 -0.05125326 ...  0.58818465  0.8451763
    0.10727096]]

 ...

 [[-0.8849282   0.50419974 -0.18866386 ...  0.64722484  0.94605035
   -0.92306286]]

 [[-0.79490817 -0.7205977   0.91751516 ... -0.9501563  -0.9984918
   -0.7967737 ]]

 [[-0.8687556  -0.6203395   0.8958481  ... -0.1308241   0.9876718
   -0.99830425]]]