[[[ 0.61843014 -0.7448881  -0.66538256 ...  0.94834936  0.53493834
   -0.24393071]]

 [[ 0.3590882  -0.460806    0.991802   ...  0.7067983  -0.8535927
   -0.35715607]]

 [[ 0.9145635   0.72770697  0.78936726 ... -0.94159377  0.2409561
   -0.4300858 ]]

 ...

 [[-0.23688433 -0.8376439   0.71161777 ... -0.9226949   0.07190683
   -0.71751034]]

 [[ 0.8511406  -0.8725323   0.68696016 ...  0.00119251 -0.87607837
    0.51823485]]

 [[ 0.42606705 -0.9997521   0.8821581  ...  0.09105075  0.51576245
   -0.70971996]]]