[[[-0.9951383  -0.71231174  0.93800914 ...  0.9980451  -0.98797464
   -0.80044734]]

 [[ 0.9955455  -0.97084284 -0.9777869  ...  0.9797748  -0.8079359
   -0.9994858 ]]

 [[ 0.6720833  -0.7405508  -0.5457231  ...  0.21782446  0.4334413
   -0.38637385]]

 ...

 [[ 0.66489506  0.26250932 -0.8660313  ...  0.56833583 -0.18254825
   -0.9550219 ]]

 [[ 0.56198525  0.36298257 -0.07165757 ... -0.7982669   0.9052595
   -0.7138846 ]]

 [[ 0.9947305   0.7689977   0.9921816  ... -0.93653846  0.95298487
   -0.3593309 ]]]