[[[ 0.42429587  0.69502026  0.83609664 ... -0.98663735  0.92498
    0.94713527]]

 [[-0.86710364  0.3722472  -0.1000848  ...  0.9891735   0.9685739
    0.657018  ]]

 [[ 0.14723426 -0.3216111   0.8922208  ... -0.62811     0.7761737
   -0.00505751]]

 ...

 [[-0.9944116   0.9981449  -0.87136495 ...  0.9770459   0.5774027
    0.8509852 ]]

 [[ 0.9721582   0.35966325 -0.83986735 ... -0.66992545 -0.91125745
    0.37954932]]

 [[ 0.96414155 -0.8268799   0.3245798  ... -0.9120459   0.960193
    0.70093423]]]