[[[-0.29582086  0.7137876  -0.5434575  ... -0.85180134 -0.9370451
    0.7768603 ]]

 [[ 0.08171991 -0.18820216  0.5680426  ...  0.18972044  0.9563177
   -0.78070956]]

 [[-0.7066718  -0.14008336 -0.14258692 ...  0.8944782   0.21615106
    0.16335   ]]

 ...

 [[-0.68122053 -0.2016299  -0.79992723 ... -0.11959858 -0.12225526
    0.9263977 ]]

 [[-0.99491674  0.11180121  0.8391452  ...  0.97407913 -0.8106805
    0.58950293]]

 [[ 0.13451146  0.90294677 -0.95809424 ...  0.9895797  -0.91235775
    0.410583  ]]]