[[[ 0.8454907   0.47087103 -0.38199133 ...  0.54471964 -0.44606513
   -0.9933697 ]]

 [[ 0.97131735  0.9964311   0.65556383 ... -0.12636071 -0.24296172
    0.88841283]]

 [[ 0.5566039   0.9513583  -0.5760597  ... -0.2484607   0.5353598
    0.987274  ]]

 ...

 [[-0.43651745 -0.99547285 -0.9992523  ...  0.9817626  -0.89741844
    0.85352355]]

 [[ 0.5783129  -0.9052054  -0.6274331  ...  0.8401278  -0.9381244
    0.82012975]]

 [[-0.86732435  0.12316431 -0.8038688  ...  0.1739104  -0.9803438
    0.2395831 ]]]