[[[-0.99875     0.04588631  0.99605536 ...  0.76198924  0.8482076
    0.5277772 ]]

 [[-0.9941909  -0.94739103 -0.29719076 ...  0.8094903   0.9392145
   -0.9146529 ]]

 [[ 0.9836344  -0.9844869  -0.9254468  ...  0.99663025 -0.8633245
   -0.9904722 ]]

 ...

 [[ 0.99780375  0.11563639 -0.99884444 ... -0.53627044  0.9609711
   -0.09978145]]

 [[-0.9146029   0.56235105 -0.9365215  ... -0.34066918  0.9882218
   -0.5091455 ]]

 [[ 0.5023313  -0.94785136  0.968193   ... -0.49861574 -0.33036217
    0.6672244 ]]]