[[[ 0.02314773  0.87384117 -0.26139793 ...  0.69082993 -0.64725393
   -0.9115928 ]]

 [[-0.3436678   0.33875364  0.74326867 ...  0.05508595 -0.17612514
    0.9424455 ]]

 [[ 0.95164776  0.8779627  -0.7463866  ...  0.8160882  -0.8239524
    0.5777782 ]]

 ...

 [[ 0.9694664   0.7209046   0.90531784 ...  0.7901484   0.9168311
    0.18235166]]

 [[-0.99492544 -0.95237696  0.36426947 ...  0.6428336  -0.56381434
   -0.8500828 ]]

 [[-0.9901278  -0.96515447 -0.99058366 ...  0.9571431  -0.82289785
    0.08438358]]]