[[[ 0.5958894   0.611721   -0.4295076  ...  0.6793482   0.955589
   -0.9959114 ]]

 [[-0.3459648   0.9973113  -0.8259165  ...  0.9695211  -0.9239895
   -0.5064256 ]]

 [[-0.22892417 -0.07111411 -0.53645235 ...  0.7628285  -0.8772766
    0.0446143 ]]

 ...

 [[ 0.0677504   0.9982413  -0.47263926 ... -0.8652602   0.40666392
    0.89101315]]

 [[-0.38403705  0.5826169  -0.93273884 ... -0.03315913 -0.5399812
   -0.9827644 ]]

 [[-0.36189437  0.9946257   0.14590721 ...  0.46099973  0.587716
    0.82813543]]]