[[[-0.64204556  0.06752624  0.6834154  ... -0.572888   -0.8620704
   -0.97235304]]

 [[-0.32338235 -0.56725377 -0.13702403 ... -0.2049221   0.16662896
    0.916374  ]]

 [[ 0.60474193  0.18178865 -0.9984336  ... -0.4508201  -0.9977123
   -0.89806485]]

 ...

 [[-0.57922894  0.9579574   0.9181589  ...  0.9670732   0.9459868
   -0.48417568]]

 [[ 0.02769212 -0.848973    0.67973846 ... -0.9947674   0.85675454
   -0.94054645]]

 [[-0.9759313  -0.85743326  0.9950463  ... -0.81283367  0.954175
    0.6374842 ]]]