[[[-0.89178663  0.66149354  0.6631887  ... -0.90578413  0.87446284
    0.6118015 ]]

 [[ 0.93162185 -0.9251995  -0.7053158  ... -0.9213548  -0.22854349
   -0.90113527]]

 [[ 0.9768041   0.38445026  0.1084768  ... -0.86753803  0.97586834
    0.06845349]]

 ...

 [[-0.6713974  -0.5556195   0.02536321 ... -0.9106175   0.9676608
   -0.37162787]]

 [[-0.66431046  0.8860708   0.99525416 ... -0.9284609   0.65291876
    0.8682295 ]]

 [[-0.5518299   0.57828176  0.92531806 ... -0.9424974   0.44059074
    0.9758896 ]]]