[[[-0.989559    0.63864875  0.9394241  ... -0.76721793  0.90544295
    0.10043245]]

 [[ 0.47944418  0.8870914   0.99872166 ... -0.73255086  0.45012897
   -0.98689145]]

 [[-0.8716636   0.42444813  0.44156942 ...  0.37132615 -0.47768694
    0.13131933]]

 ...

 [[-0.8941842   0.99048996  0.9985053  ...  0.6794246   0.90327805
    0.78018653]]

 [[ 0.2702411   0.71307826  0.894046   ... -0.7755346   0.6820137
   -0.49156702]]

 [[ 0.9294459  -0.5061587   0.74967945 ...  0.07573234 -0.9073527
   -0.9949876 ]]]