[[[-0.6864168  -0.6775805   0.9722465  ... -0.93518645  0.9164768
   -0.7503052 ]]

 [[ 0.6702614  -0.20570347 -0.77270263 ...  0.6780857  -0.88916177
   -0.787227  ]]

 [[-0.27176797 -0.9875352  -0.28393364 ... -0.805467   -0.9890451
   -0.57594246]]

 ...

 [[-0.8720783   0.8054291   0.9903838  ...  0.9317431   0.8738878
   -0.6706309 ]]

 [[-0.08307431 -0.9747566  -0.8487565  ... -0.93770576  0.69427174
    0.4656689 ]]

 [[ 0.79781485 -0.9029876   0.32506248 ... -0.5613409  -0.86640555
   -0.8296143 ]]]