[[[ 0.86648476 -0.8012387   0.33430183 ... -0.8978267   0.44437078
   -0.8048588 ]]

 [[ 0.8655795  -0.37284824 -0.9292248  ...  0.8782914  -0.23703653
   -0.02871964]]

 [[-0.72837466  0.63694626  0.7196722  ...  0.76666385  0.9988504
   -0.5424359 ]]

 ...

 [[ 0.7684353   0.99928707  0.35427862 ... -0.11720137  0.99171156
   -0.53092426]]

 [[-0.5185132  -0.52994233 -0.4229841  ...  0.63141334 -0.9978485
    0.9754582 ]]

 [[ 0.6008519  -0.36103317 -0.791873   ... -0.96997154 -0.1502479
    0.6009834 ]]]