[[[-0.66259366 -0.7882623   0.59864545 ...  0.9723388   0.31254387
   -0.22863932]]

 [[ 0.6740488   0.296736   -0.98685336 ... -0.93478453 -0.998305
   -0.92697275]]

 [[ 0.9788653   0.5968946  -0.65683573 ...  0.35484233 -0.8704235
    0.27104297]]

 ...

 [[ 0.77141196 -0.9504835   0.50261647 ...  0.9702572   0.25779015
   -0.9414635 ]]

 [[-0.35204846 -0.9261761  -0.5056907  ...  0.8887291  -0.697609
    0.6865292 ]]

 [[ 0.90992934 -0.9332463  -0.3004238  ... -0.7591805   0.5699058
   -0.9985609 ]]]