[[[ 0.90493625 -0.11538312 -0.91664404 ...  0.44894826 -0.1321382
   -0.74935293]]

 [[ 0.49229878  0.48148963  0.7390595  ... -0.97969645 -0.85207766
   -0.9921296 ]]

 [[ 0.9797502  -0.8353504  -0.9579488  ... -0.6333156  -0.9222554
   -0.64098597]]

 ...

 [[ 0.8450655   0.7177279  -0.98854834 ...  0.99425155 -0.8104974
   -0.0848681 ]]

 [[ 0.9997442  -0.5230939  -0.7320345  ... -0.92533284 -0.8881526
    0.565193  ]]

 [[ 0.9366436  -0.62672627 -0.87931466 ...  0.91482747  0.85732716
   -0.71111685]]]