[[[-0.9716881  -0.37906685  0.7101083  ...  0.92084897  0.2809538
    0.0385447 ]]

 [[-0.60888755  0.8776655  -0.5325885  ... -0.9734828   0.90085214
   -0.9841426 ]]

 [[ 0.989389   -0.87177795 -0.98891175 ... -0.47087693 -0.82566863
   -0.9407086 ]]

 ...

 [[-0.4638877  -0.574721   -0.13230444 ...  0.5764899   0.9137718
   -0.18255547]]

 [[ 0.73859596  0.9097389   0.98887235 ...  0.4462969   0.58142364
    0.5121859 ]]

 [[-0.99976057 -0.6923276  -0.46273035 ...  0.9931882  -0.8477464
   -0.8485132 ]]]