[[[-0.34232488 -0.7901676  -0.9995934  ...  0.9596799  -0.49921703
    0.32119146]]

 [[ 0.13503434  0.9897135  -0.36235076 ... -0.0598365   0.55028385
    0.97568965]]

 [[ 0.7070626  -0.4177331  -0.84590095 ... -0.73176634  0.6846331
   -0.9305894 ]]

 ...

 [[-0.5018737  -0.18955092  0.99562293 ...  0.4423483   0.99667704
    0.2611827 ]]

 [[ 0.73157084  0.9368952   0.10088898 ... -0.7419616   0.98255247
    0.14724489]]

 [[-0.05785401 -0.97734123 -0.14675863 ...  0.9369505  -0.99223465
    0.46803033]]]