[[[-0.8475458   0.9320538  -0.83707714 ... -0.16296406 -0.31185928
    0.86015606]]

 [[ 0.13196538  0.88224965  0.49865025 ... -0.41142997 -0.65956885
    0.13293687]]

 [[-0.7567205  -0.40203363 -0.41874054 ...  0.9612097   0.41421402
   -0.79143584]]

 ...

 [[-0.40697533 -0.906001   -0.40191802 ...  0.88934594  0.98908556
   -0.68914115]]

 [[ 0.4676018   0.50453615  0.03919088 ... -0.9711675  -0.70001733
   -0.9555632 ]]

 [[-0.5586594   0.9231672   0.84417135 ...  0.7632377   0.9737267
   -0.9374997 ]]]