[[[-0.7192122   0.8433853   0.97602725 ...  0.64288664  0.44438148
   -0.9345538 ]]

 [[ 0.505622   -0.74119717 -0.6413608  ...  0.94422436 -0.9957718
    0.70584416]]

 [[-0.9814756  -0.47669694  0.97827023 ...  0.96687263  0.9302765
    0.53074217]]

 ...

 [[-0.3388857   0.11100507 -0.9579651  ... -0.86889774 -0.884292
    0.8298275 ]]

 [[-0.9141799  -0.92367625 -0.7866303  ...  0.9608933  -0.90997535
    0.9268299 ]]

 [[ 0.7283635   0.9135832  -0.5108554  ...  0.9193909   0.6382995
   -0.3470706 ]]]